1000
23 89
17 57
14 85
41 16
54 73
15 42
25 9
5 41
43 13
4 79
7 98
3 84
92 11
59 89
24 86
98 39
36 59
90 43
7 10
14 46
77 5
95 41
69 5
54 58
51 19
32 2
15 59
59 84
54 59
68 71
78 31
2 9
96 11
47 84
41 100
87 86
62 85
48 5
83 44
25 9
57 1
22 53
8 68
38 27
64 79
97 23
70 15
59 92
43 11
94 65
22 11
33 43
62 31
81 62
52 92
47 27
95 89
75 56
62 88
51 4
69 37
91 77
78 76
53 19
24 17
24 22
93 33
62 30
6 33
79 53
6 50
77 60
11 60
33 94
37 83
40 24
88 78
41 1
19 1
82 32
25 49
84 99
87 97
51 36
79 15
24 69
51 68
65 45
50 13
36 78
58 53
38 92
92 75
39 94
47 66
80 71
54 64
30 38
99 10
95 66
11 20
58 60
26 88
87 96
87 67
62 25
55 16
53 55
95 20
70 49
98 42
41 14
4 4
11 92
42 78
59 54
27 70
16 33
98 22
40 38
80 19
25 98
68 39
31 41
60 26
28 8
68 18
7 58
94 89
44 93
90 65
57 50
87 43
1 57
49 14
25 55
60 44
22 91
75 24
7 47
11 22
49 50
89 95
98 78
83 74
33 42
74 26
13 26
60 82
77 78
65 8
35 14
16 7
59 18
30 13
61 16
6 70
61 48
92 31
37 61
84 20
80 72
50 17
21 47
28 15
32 57
94 94
87 95
16 79
89 41
3 67
42 22
90 13
62 2
77 96
6 13
54 62
46 9
14 41
28 22
91 81
30 89
10 94
75 85
81 49
86 90
54 41
56 71
66 18
26 42
4 80
20 6
25 52
27 6
85 94
20 32
99 41
55 14
13 1
67 20
48 44
76 36
93 26
94 49
38 95
82 8
56 34
3 60
82 90
34 97
81 75
18 61
1 42
14 19
49 30
77 18
81 32
60 97
25 86
3 65
70 38
72 89
13 45
14 38
40 13
100 95
53 37
43 31
64 45
77 97
2 9
46 73
25 45
36 68
22 58
46 45
50 21
97 87
22 82
19 71
79 70
43 52
29 69
72 8
8 15
61 57
64 46
20 26
88 52
93 27
24 33
20 70
35 31
52 1
8 75
59 57
38 62
37 45
45 1
54 100
58 85
76 95
35 13
25 81
87 66
35 22
74 45
13 23
33 81
16 84
24 72
55 9
58 76
81 69
11 7
1 7
65 27
93 3
60 76
58 13
99 71
85 25
51 87
2 30
5 61
64 76
90 47
99 52
20 50
3 33
53 50
24 74
68 64
37 49
94 26
21 4
77 56
20 49
83 8
10 6
56 32
67 79
54 51
83 92
60 29
66 11
82 32
93 96
95 30
5 3
5 95
20 99
6 33
10 12
93 48
69 29
90 75
67 42
69 92
82 72
69 7
45 92
21 27
84 78
50 88
39 71
16 63
38 27
42 92
12 13
83 91
11 88
60 60
67 90
11 67
12 17
80 18
64 34
79 58
61 79
91 18
1 81
65 78
19 3
15 8
76 79
82 15
61 53
27 27
28 88
48 27
18 72
98 21
71 36
98 61
8 40
78 4
37 5
10 96
28 8
33 41
63 24
19 86
100 9
20 43
63 44
61 1
71 51
41 97
44 61
68 24
76 8
75 35
17 58
97 75
53 18
7 86
25 5
66 17
1 47
81 75
92 38
93 85
64 71
30 2
89 53
100 53
55 15
34 78
99 15
20 83
9 74
63 89
52 24
8 87
87 71
68 42
72 16
25 23
53 61
2 40
59 82
55 70
10 34
23 37
53 43
9 15
60 10
8 51
66 78
61 42
18 69
1 50
94 18
98 86
5 100
55 63
62 78
74 94
15 54
81 2
58 31
26 46
53 99
42 23
23 7
25 67
56 2
85 97
20 78
96 16
20 69
56 52
85 79
89 14
57 10
10 43
55 54
17 52
14 99
65 97
98 21
90 90
81 86
7 11
93 96
6 1
97 72
93 16
76 73
30 2
85 43
59 27
9 5
78 67
22 99
90 10
86 1
11 19
73 84
60 70
3 17
85 56
25 67
85 29
45 13
74 48
78 67
7 89
35 90
79 62
14 24
52 24
93 90
16 42
48 26
32 48
28 17
28 38
66 92
20 21
70 88
88 60
85 67
58 63
8 21
4 32
37 34
39 56
89 68
28 87
2 93
9 25
43 87
60 19
82 41
32 73
83 58
59 83
88 18
85 38
2 48
14 61
25 39
39 4
75 42
78 48
11 80
90 98
6 30
2 3
80 41
78 70
20 57
18 76
10 100
17 85
94 87
10 54
82 30
36 46
81 31
18 79
62 91
95 13
39 3
65 12
9 86
22 17
55 27
52 71
57 9
69 30
61 48
31 32
19 99
3 94
92 99
38 68
32 92
49 3
2 92
25 39
43 8
17 65
26 63
24 50
12 37
43 87
39 19
41 94
60 3
64 36
1 74
88 70
43 14
1 91
1 89
47 7
98 32
87 75
9 12
91 25
40 100
30 56
99 65
81 63
50 36
3 12
91 36
92 36
11 85
78 52
54 12
60 88
98 44
58 84
20 77
14 98
54 29
34 89
84 52
79 8
3 16
13 50
36 36
48 10
34 43
17 26
93 15
12 43
46 2
23 11
82 29
84 42
33 87
100 41
1 57
88 2
51 36
35 29
20 45
76 56
99 57
61 9
95 85
14 13
96 47
89 43
52 22
20 2
66 77
15 7
16 4
35 79
45 61
65 84
20 27
30 34
6 76
23 40
78 63
23 32
22 23
27 94
42 85
67 73
91 75
65 36
25 49
27 65
51 86
87 56
8 51
90 65
26 66
16 59
81 35
35 94
87 41
43 80
79 86
53 80
11 79
97 65
20 79
44 42
50 57
24 19
82 88
98 29
37 86
51 62
6 82
20 12
65 86
39 61
30 48
22 10
36 30
33 89
69 2
67 98
30 30
9 20
30 53
74 76
77 58
41 19
56 5
59 1
44 68
32 31
10 42
75 53
28 94
11 63
59 45
55 62
10 93
21 88
26 15
53 64
43 72
29 99
39 80
35 83
3 39
79 6
44 23
43 68
21 16
99 43
27 60
23 14
15 69
90 57
67 79
67 61
65 93
53 4
99 52
11 61
74 96
65 17
18 96
40 97
78 52
98 70
48 75
97 83
8 37
47 35
82 83
73 43
66 84
42 28
6 48
29 24
38 47
45 58
12 48
17 33
62 54
10 33
98 84
88 23
27 69
63 71
47 63
32 50
58 19
72 60
85 92
81 46
91 45
60 16
78 14
96 86
10 79
72 11
36 11
11 17
26 23
56 46
64 37
44 93
56 1
99 97
71 3
38 77
45 32
61 87
48 77
12 11
43 40
16 2
100 96
6 66
63 72
62 88
22 78
8 15
100 28
55 92
66 19
74 100
36 33
96 35
11 15
11 61
61 84
85 76
16 66
85 42
1 71
42 80
38 20
4 46
96 29
91 14
67 97
100 83
80 32
18 25
81 40
81 21
72 91
46 42
41 89
11 55
32 27
1 53
52 77
100 54
53 64
18 87
35 72
80 40
13 94
30 74
26 96
31 46
39 16
79 85
68 27
46 43
76 27
96 81
63 29
3 41
20 24
95 7
15 85
91 26
52 31
63 56
21 85
10 90
52 74
57 72
15 72
52 13
45 94
92 28
57 95
50 88
43 99
11 70
75 47
37 50
65 6
28 97
12 74
92 63
82 2
89 35
72 8
92 33
82 96
97 46
10 44
89 3
67 58
29 25
73 36
99 89
92 56
83 81
1 44
22 13
13 96
32 12
86 6
99 41
33 53
41 51
74 1
52 76
14 73
14 32
74 48
41 70
90 93
3 61
23 86
34 42
64 44
5 60
71 89
52 91
45 57
12 41
63 52
49 23
66 90
78 40
22 36
79 71
33 88
7 26
36 11
89 42
9 85
39 33
38 100
28 92
7 24
55 34
26 5
91 19
61 15
54 98
51 24
53 22
35 20
22 38
51 52
64 54
50 88
87 30
26 44
32 47
30 63
86 25
86 56
19 12
54 88
5 99
61 38
79 56
36 51
47 9
74 85
60 60
94 93
48 2
20 36
1 49
62 67
93 53
64 15
44 79
85 71
91 42
78 80
95 90
95 95
82 25
24 97
47 82
1 20
32 33
92 4
69 75
3 35
8 19
61 100
62 47
57 53
27 50
61 63
14 13
92 29
70 87
44 98
81 87
64 59
45 46
55 44
18 39
14 38
15 29
19 32
77 82
3 54
56 37
53 50
1 14
56 74
88 47
49 25
58 65
21 70
4 32
81 31
71 76
50 74
94 24
10 64
12 78
74 97
100 98
49 56
30 99
38 76
42 24
64 87
69 39
89 41
36 96
22 13
70 26
80 60
38 56
1 45
85 57
36 13
6 26
61 71
97 83
82 63
97 85
9 58
6 25
95 35
86 54
64 68
94 17
61 87
